1088
1108
1111
1280
1311
1930
2428
2851
3115
3162
3206
3207
3215
3255
3292
3402
3419
3613
3631
3636
3661
3978
4017
4093
4180
4199
4274
4409
4493
4498
4532
4556
4575
4641
5211
5232
5364
5505
5599
5704
5872
5935
6283
6594
6602
6820
6856
7085
7200
7204
7258
7358
7360
7513
7590
7611
7702
7717
7734
7806
7809
7810
7814
7960
8460
8561
8568
8581
8589
8599
8601
8666
8698
8744
8806
8919
8936
8942
9023
9066
9192
9214
9216
9229
9255
9375
9466
9483
9513
9514
9545
9546
9547
9635
9756
10059
10257
10344
10351
10369
10475
10476
10622
10697
10731
10732
10811
10815
10884
10998
11071
11184
11304
11352
11568
11728
11764
11792
11837
11887
11911
11949
12058
12400
12529
12606
12652
12935
13057
13540
13829
13895
14219
14227
14440
14441
14442
14532
14551
14796
15016
15029
15057
15133
15848
16096
16187
16483
16758
16886
17036
17037
17290
17661
17738
18167
18168
19039
19100
19114
19260
19267
19340
19538
19539
19540
19648
19650
19680
19694
19761
20091
20673
20887
20888
21057
21182
21265
21267
21304
21349
21404
21469
21496
21518
21559
21629
21707
21717
21975
22010
22019
22022
22069
22079
22102
22133
22138
22140
22169
22190
22191
22675
22709
22858
22998
23020
23034
23035
23054
23091
23112
23309
23322
23332
23359
23531
23608
23745
23808
23939
24131
24186
24243
24282
24335
24387
24412
24422
24590
24757
24817
25047
25500
25595
25884
25986
25996
26075
26318
26410
26414
26479
26597
26605
26620
26631
26966
26973
27088
27103
27136
27306
27352
27550
27569
27711
27831
28002
28238
29096
29317
